10,100
10,185
10,77
10,250
10,212
10,203
10,205
10,1
10,92
10,2
10,3
11,11
11,4
11,5
11,12
11,27
11,18
11,1
11,10
11,2
11,3
9,7
9,4
9,1
9,6
9,2
9,3
8,9
8,16
8,7
8,11
8,17
8,1
8,5
8,2
8,3
12,2
51,327
51,326
51,325
51,324
51,323
51,322
51,321
51,320
51,259
51,258
51,257
51,256
51,255
51,254
51,253
51,252
51,251
51,250
51,249
51,248
51,247
51,246
51,245
51,244
18,1
18,3
14,1
14,3
13,1
13,3
51,243
51,242
51,241
51,240
51,239
51,238
51,237
51,236
51,235
51,234
51,233
51,232
51,231
51,230
51,229
51,228
51,227
51,226
51,225
51,224
51,223
51,222
51,221
51,220
51,219
51,218
51,217
51,216
51,215
51,214
51,213
51,212
51,211
51,210
51,209
51,208
51,207
51,206
51,205
51,204
51,203
51,202
51,201
51,200
51,199
51,198
51,197
51,196
51,195
51,194
51,193
51,192
51,191
51,190
51,189
51,188
51,187
51,186
51,185
51,184
51,183
51,166
51,162
